483+
245 +
462+
137 +
523+
176 +
143+
487 +
814+
761 +
976+
962 +
397+
639 +
697+
361 +
359+
786 +
743+
782+
428+
425+
348+
124+
361+
581+
387+
345+
235+
298+
761+
132+
698+
852+
453+
516+
945+
365+
134+
193+
814+
453+
469+
316+
586+
954+
159+
861+
294+
351=

//6_orgin
[1, 	0378, 	03678, 	|9, 	2, 	0345, 	|034568, 	03568, 	0348]
[5, 	2, 	4, 	|0368, 	1, 	7, 	|0368, 	0368, 	9]
[03689, 	0389, 	03689, 	|034568, 	04568, 	0345, 	|2, 	7, 	1]
--------------------------------------------------------------------------------------------
[03679, 	5, 	03679, 	|0346, 	0469, 	8, 	|1, 	036, 	2]
[036789, 	03789, 	036789, 	|1, 	04569, 	2, 	|0345678, 03568, 	03478]
[4, 	1, 	2, 	|7, 	056, 	035, 	|03568, 	9, 	038]
--------------------------------------------------------------------------------------------
[02378, 	6, 	03578, 	|02458, 	0458, 	9, 	|0378, 	1, 	0378]	
[0278, 	078, 	1, 	|028, 	3, 	6, 	|9, 	4, 	5]
[0389, 	4, 	03589, 	|058, 	7, 	1, 	|038, 	2, 	6]

///6
[1,	7, 	6, 	|9, 	2, 	3, 	|5, 	 8, 	4]
[5,	2, 	4, 	|8, 	1, 	7, 	|6, 	 3, 	9]
[8,	9, 	3, 	|6, 	5, 	4, 	|2, 	 7, 	1]
--------------------------------------------------------------------------------------------
[9,	5, 	7, 	|3, 	4, 	8, 	|1, 	 6, 	2]
[6,	3, 	8, 	|1, 	9, 	2, 	|4,	 5, 	7]
[4,	1, 	2, 	|7, 	6, 	5, 	|3,	 9, 	8]      //이 칸의 8은 이줄에만 올 수 있다.
--------------------------------------------------------------------------------------------
[2,	6, 	5, 	|4, 	8, 	9, 	|7, 	 1, 	3]
[7,	8, 	1, 	|2, 	3, 	6, 	|9, 	 4, 	5]
[3,	4, 	9, 	|5, 	7, 	1, 	|8, 	 2, 	6]


//7
[1, 	4, 	3, 	|9, 	8, 	6, 	|2, 	5, 	7]
[6, 	7, 	9, 	|4, 	2, 	5, 	|3, 	8, 	1]
[2, 	8, 	5, 	|7, 	3, 	1, 	|6,	9, 	4]
--------------------------------------------------------------------------------------------
[9, 	6, 	2, 	|3, 	5, 	4, 	|1, 	7, 	8]
[3, 	5, 	7, 	|6, 	1, 	8, 	|9, 	4, 	2]
[4, 	1, 	8, 	|2, 	7, 	9, 	|5, 	6, 	3]
--------------------------------------------------------------------------------------------
[8, 	2, 	1, 	|5, 	6, 	7, 	|4,	3, 	9]
[7, 	9, 	6, 	|1, 	4, 	3, 	|8, 	2, 	5]
[5, 	3, 	4, 	|8, 	9, 	2, 	|7, 	1, 	6]



//10
[7, 	6, 	1, 	|9, 	2, 	8, 	|4, 	5, 	3]
[9, 	2, 	5, 	|7, 	4, 	3, 	|1, 	6,	8]
[4, 	3, 	8, 	|6, 	1, 	5, 	|9, 	2, 	7]
--------------------------------------------------------------------------------------------
[3, 	5, 	7, 	|4, 	6, 	1, 	|2, 	8, 	9]
[8, 	9, 	4, 	|3, 	7, 	2, 	|6, 	1, 	5]
[2, 	1, 	6, 	|5, 	8, 	9, 	|3, 	7, 	4]
--------------------------------------------------------------------------------------------
[6, 	8, 	9, 	|1, 	5, 	4, 	|7, 	3, 	2]
[1, 	4, 	2, 	|8, 	3, 	7, 	|5, 	9, 	6]
[5, 	7, 	3, 	|2, 	9, 	6, 	|8, 	4, 	1]



//25
[3, 	6, 	1, 	|5, 	2, 	4, 	|7, 	8, 	9]
[7, 	8, 	9, 	|3, 	6, 	1, 	|4, 	2, 	5]
[5, 	2, 	4, 	|8, 	7, 	9, 	|3, 	6, 	1]
--------------------------------------------------------------------------------------------
[8, 	9, 	3, 	|1, 	5, 	7, 	|6, 	4, 	2]
[4, 	1, 	2, 	|6, 	8, 	3, 	|5, 	9, 	7]
[6, 	5, 	7, 	|9, 	4, 	2, 	|1, 	3, 	8]
--------------------------------------------------------------------------------------------
[1, 	4, 	8, 	|9, 	7, 	6, 	|2, 	5, 	3]
[2, 	3, 	5, 	|4, 	1, 	8, 	|9, 	7, 	6]
[9, 	7, 	6, 	|2, 	3, 	5, 	|8, 	1, 	4]



42번째
[3, 	8, 	0467, 	|01567, 	0156, 	0157, 	|9, 	2, 	0146]
[012, 	012, 	026, 	|4, 	3, 	9, 	|7, 	8, 	5]
[0157, 	01457, 	9, 	|01678, 	2, 	0178, 	|3, 	0146, 	0146]
--------------------------------------------------------------------------------------------
[0125, 	6, 	0234, 	|01578, 	9, 	01578, 	|028, 	0145, 	0134]
[8, 	01457, 	047, 	|3, 	0156, 	2, 	|046, 	01456, 	9]
[9, 	01235, 	023, 	|01568, 	4, 	0158, 	|028, 	7, 	0136]
--------------------------------------------------------------------------------------------
[026, 	023, 	1, 	|9, 	7, 	034, 	|5, 	046, 	8]
[4, 	9, 	5, 	|2, 	8, 	6, 	|1, 	3, 	7]
[067, 	037, 	8, 	|015, 	015, 	034, 	|046, 	9, 	2]


//42_1
[3, 	8, 	4, 	|7, 	6, 	5, 	|9, 	2, 	1]
[1, 	2, 	6, 	|4, 	3, 	9, 	|7, 	8, 	5]
[7, 	5, 	9, 	|8, 	2, 	1, 	|3, 	4, 	6]
--------------------------------------------------------------------------------------------
[5, 	6, 	2, 	|1, 	9, 	7, 	|8, 	4, 	3]
[8, 	4, 	7, 	|3, 	5, 	2, 	|6, 	1, 	9]
[9, 	1, 	3, 	|6, 	4, 	8, 	|2, 	7, 	5]
--------------------------------------------------------------------------------------------
[2, 	3, 	1, 	|9, 	7, 	4, 	|5, 	6, 	8]
[4, 	9, 	5, 	|2, 	8, 	6, 	|1, 	3, 	7]
[6, 	7, 	8, 	|5, 	1, 	3, 	|4, 	9, 	2] 
//여기 마지막줄 015, 015 5, 1 변경 아닌가봉가


//42_2
[3, 	8, 	4, 	|5, 	6, 	7, 	|9, 	2, 	1]
[1, 	2, 	6, 	|4, 	3, 	9, 	|7, 	8, 	5]
[7, 	5, 	9, 	|8, 	2, 	1, 	|3, 	4, 	6]
--------------------------------------------------------------------------------------------
[5, 	6, 	3, 	|7, 	9, 	8, 	|2, 	1, 	4]
[8, 	4, 	7, 	|3, 	1, 	2, 	|6, 	5, 	9]
[9, 	1, 	2, 	|6, 	4, 	5, 	|8, 	7, 	3]
--------------------------------------------------------------------------------------------
[2, 	3, 	1, 	|9, 	7, 	4, 	|5, 	6, 	8]
[4, 	9, 	5, 	|2, 	8, 	6, 	|1, 	3, 	7]
[6, 	7, 	8, 	|1, 	5, 	3, 	|4, 	9, 	2]





//43
[4, 	6, 	9, 	|1, 	5, 	8, 	|3, 	2, 	7]
[7, 	1, 	2, 	|4, 	6, 	3, 	|8, 	5, 	9]
[5, 	3, 	8, 	|2, 	9, 	7, 	|6, 	4, 	1]
--------------------------------------------------------------------------------------------
[9, 	2, 	7, 	|6, 	3, 	4, 	|5, 	1, 	08]
[3, 	8, 	5, 	|7, 	1, 	9, 	|4, 	02, 	026]
[1, 	4, 	6, 	|5,	8, 	2, 	|7, 	9, 	3]
--------------------------------------------------------------------------------------------
[6	,5, 	3, 	|9, 	4, 	1, 	|2, 	8, 	2]
[2, 	9, 	4, 	|8, 	7, 	6, 	|1, 	3, 	5]
[8, 	7, 	1, 	|3, 	2, 	5, 	|9, 	6, 	4]



//44
[3, 	1, 	6, 	|5, 	4, 	9, 	|2, 	7, 	8]
[9, 	8, 	7, 	|3, 	2, 	1, 	|6, 	4, 	5]
[4, 	5, 	2, 	|6, 	7, 	8, 	|9, 	3, 	1]
--------------------------------------------------------------------------------------------
[5, 	9, 	4, 	|2, 	3, 	6, 	|8, 	1, 	7]
[2, 	3, 	8, 	|4, 	1, 	7, 	|5, 	6, 	9]
[6, 	7, 	1, 	|9, 	8, 	5, 	|3, 	2, 	4]
--------------------------------------------------------------------------------------------
[8, 	4, 	5, 	|1, 	6, 	2, 	|7, 	9, 	3]
[1, 	2, 	9, 	|7, 	5, 	3, 	|4, 	8, 	6]
[7, 	6, 	3, 	|8, 	9, 	4, 	|1, 	5, 	2]



//47
[1, 	5, 	9, 	|7, 	4, 	3, 	|8, 	6, 	2]
[2, 	7, 	6, 	|5, 	8, 	9, 	|4, 	3, 	1]
[3, 	4, 	8, 	|6, 	1, 	2, 	|7, 	5, 	9]
--------------------------------------------------------------------------------------------
[6, 	2, 	4, 	|9, 	7, 	8, 	|3, 	1, 	5]
[9, 	1, 	7, 	|2, 	3, 	5, 	|6, 	8, 	4]
[5, 	8, 	3, 	|1, 	6, 	4, 	|2, 	9, 	7]
--------------------------------------------------------------------------------------------
[4, 	3, 	5, 	|8, 	2, 	1, 	|9, 	7, 	6]
[8, 	6, 	1, 	|4, 	9, 	7, 	|5, 	2, 	3]	
[7,	9, 	2, 	|3, 	5, 	6, 	|1, 	4, 	8]



//48
[8, 	6, 	1, 	|3, 	5, 	7, 	|2, 	9, 	4]
[5, 	9, 	7, 	|4, 	8, 	2, 	|3, 	6, 	1]
[4, 	3, 	2, 	|6, 	1, 	9, 	|7, 	8, 	5]
--------------------------------------------------------------------------------------------
[09, 	1, 	6, 	|2, 	7, 	5, 	|8, 	4, 	3]
[3, 	5, 	8, 	|9, 	6, 	4, 	|1, 	2, 	7]
[2, 	7, 	4, 	|1, 	3, 	8, 	|9, 	5, 	6]
--------------------------------------------------------------------------------------------
[7, 	8, 	9, 	|5, 	4, 	1, 	|6, 	3, 	2]
[1, 	4, 	3, 	|8, 	2, 	6, 	|5, 	7, 	9]
[6, 	2, 	5, 	|7, 	9, 	3, 	|4, 	1, 	8]


//49
[2, 	9, 	048, 	|048, 	6, 	3, 	|5, 	1, 	7]
[047, 	1, 	5, 	|047, 	2, 	9, 	|6, 	3, 	8]
[078, 	6, 	3, 	|0178, 	01578, 	0158, 	|4, 	9, 	2]
--------------------------------------------------------------------------------------------
[1, 	02358, 	02468, 	|03489, 	03489, 	7, 	|089, 	0568, 	03569]
[0478, 	03578, 	9, 	|01348, 	01348, 	6, 	|2, 	0578, 	0135]
[0678, 	0378, 	0678, 	|5, 	01389, 	2, 	|01789, 	0678, 	4]
--------------------------------------------------------------------------------------------
[0678, 	0789, 	01678, 	|0134789, 01345789,01458, 	|01789,	2, 	01569]
[5, 	02789, 	01278, 	|6, 	01789, 	018, 	|3, 	4, 	019]
[3, 	4, 	01678, 	|2, 	015789, 	0158, 	|01789,	05678, 	01569]


//50 
[3, 	0459, 	1, 	|2, 	8, 	056, 	|0469, 	0469, 	7]
[02458, 	0459, 	0245, 	|1, 	056, 	7, 	|02469, 	023469, 	02389]
[7, 	028, 	6, 	|9, 	3, 	4, 	|5, 	1, 	028]
--------------------------------------------------------------------------------------------
[0256, 	7, 	0235, 	|4, 	056, 	9, 	|1, 	8, 	023]
[9, 	0356, 	8, 	|056, 	2, 	1, 	|7, 	036, 	4]
[0246, 	1, 	024, 	|8, 	7, 	3, 	|0269, 	5, 	029]	
--------------------------------------------------------------------------------------------
[028, 	028, 	9, 	|056, 	4, 	056, 	|3, 	7, 	1]
[0146, 	0346, 	034, 	|7, 	019, 	2, 	|8, 	049, 	5]
[01245, 	045, 	7, 	|3, 	019, 	8, 	|0249, 	0249, 	6]


//50 2, 3->8
[3, 	5, 	1, 	|2, 	8, 	6, 	|4, 	9, 	7]
[4, 	9, 	2, 	|1, 	5, 	7, 	|6, 	3, 	8]
[7, 	8, 	6, 	|9, 	3, 	4, 	|5, 	1, 	2]
--------------------------------------------------------------------------------------------
[2, 	7, 	5, 	|4, 	6, 	9, 	|1, 	8, 	3]
[9, 	3, 	8, 	|5, 	2, 	1, 	|7, 	6, 	4]
[6, 	1, 	4, 	|8, 	7, 	3, 	|2, 	5, 	9]	
--------------------------------------------------------------------------------------------
[8, 	2, 	9, 	|6, 	4, 	5, 	|3, 	7, 	1]
[1, 	6, 	3, 	|7, 	9, 	2, 	|8, 	4, 	5]
[5, 	4, 	7, 	|3, 	1, 	8, 	|9, 	2, 	6]




